January
100 100
100 100
February
10 3
7 1
5 2
1 1
March
2 3
1 1
3 7
2 7
April
50 10
1 100
1 100
1 100
1 100
1 100
1 100
1 100
1 100
100 100
50 1
May
1 1
2 2
3 3
4 4
5 5
6 6
7 7
8 8
9 9
10 10
11 11
12 12
13 13
14 14
15 15
16 16
17 17
18 18
19 19
20 20
20 20
June
2 2
2 2
2 2
2 1
1 1
1 2
2 1
1 1
2 1
2 2
2 1
2 1
2 2
1 2
1 1
2 2
2 1
1 2
1 2
1 2
2 2
2 1
2 2
1 2
2 1
2 2
1 2
1 2
2 2
2 2
1 2
2 1
1 2
2 1
2 1
2 1
1 2
2 1
1 2
1 1
July
1 2
1 2
1 2
1 2
1 2
1 2
1 2
1 2
1 2
1 2
1 2
1 2
1 2
1 2
1 2
1 2
1 2
1 2
1 2
1 2
1 2
1 2
1 2
1 2
1 2
1 2
1 2
1 2
1 2
1 2
1 2
1 2
1 2
1 2
1 2
1 2
1 2
1 2
1 2
1 2
1 2
1 2
1 2
1 2
1 2
1 2
1 2
1 2
1 2
1 2
1 2
1 2
1 2
1 2
1 2
1 2
1 2
1 2
1 2
1 2
1 2
1 2
1 2
1 2
1 2
1 2
1 2
1 2
1 2
1 2
1 2
1 2
1 2
1 2
1 2
1 2
1 2
1 2
1 2
1 2
1 2
1 2
1 2
1 2
1 2
1 2
1 2
1 2
1 2
2 2
August
100 99
99 97
98 95
97 93
96 91
95 89
94 87
93 85
92 83
91 81
90 79
89 77
88 75
87 73
86 71
85 69
84 67
83 65
82 63
81 61
80 59
79 57
78 55
77 53
76 51
75 49
74 47
73 45
72 43
71 41
70 39
69 37
68 35
67 33
66 31
65 29
64 27
63 25
62 23
61 21
60 19
59 17
58 15
57 13
56 11
55 9
54 7
53 5
52 3
51 1
50 50
49 49
48 48
47 47
46 46
45 45
44 44
43 43
42 42
41 41
40 40
39 39
38 38
37 37
36 36
35 35
34 34
33 33
32 32
31 31
30 30
29 29
28 28
27 27
26 26
25 25
24 24
23 23
22 22
21 21
20 20
19 19
18 18
17 17
16 16
15 15
14 14
13 13
12 12
11 11
10 10
9 9
8 8
7 7
6 6
5 5
4 4
3 3
2 2
1 1
September
6 4
6 4
3 1
19 4
14 1
14 3
10 1
12 4
18 1
3 4
1 3
11 4
1 1
15 1
2 3
6 5
16 5
2 1
17 3
7 2
1 1
4 1
4 3
11 2
11 5
11 2
12 4
10 4
3 5
10 1
6 3
1 5
4 5
10 1
2 5
7 1
4 5
16 4
19 5
2 3
4 2
16 2
4 2
20 3
15 5
3 5
20 1
3 3
15 4
14 3
10 5
19 2
18 4
17 5
18 5
8 4
10 5
8 5
5 2
12 5
9 1
16 2
16 5
5 1
13 4
18 2
5 4
4 2
1 3
10 5
1 3
10 4
5 2
1 5
8 3
7 5
13 4
4 5
7 5
18 3
18 5
18 5
8 1
2 1
3 1
13 5
16 5
3 1
20 2
17 3
12 5
17 5
14 3
19 1
12 3
10 1
5 2
14 1
12 3
12 3
October
19 3
34 3
37 2
26 3
30 3
75 2
75 2
18 3
36 2
77 2
49 3
85 4
40 2
22 2
78 3
74 4
49 2
88 2
65 3
12 4
18 2
83 3
42 4
33 4
13 2
20 2
61 4
36 3
86 4
26 4
33 2
15 4
40 2
11 2
5 4
8 3
73 4
17 3
76 2
26 3
74 3
8 3
9 4
25 2
43 2
80 4
84 2
53 2
86 3
71 3
62 4
34 2
35 4
40 3
38 4
11 4
85 2
33 2
4 3
10 3
66 4
67 2
30 3
62 4
75 4
21 4
10 3
25 2
55 4
79 2
35 3
1 4
50 3
60 4
89 3
89 3
19 3
80 2
6 4
80 2
7 3
86 4
44 4
6 4
81 4
12 2
78 3
89 4
32 2
68 2
7 3
47 2
13 2
44 2
73 2
63 3
88 4
88 4
37 2
43 4
#