January
1 1
2 2
3 3
February
10 3
7 1
5 2
1 1
March
2 3
1 1
3 7
2 7
April
2 3
1 1
3 1
2 7
May
1 1
5 8
4 6
1 2
3 2
4 8
2 7
3 3
2 2
7 1
June
1 1
5 8
4 6
1 2
3 2
4 8
2 7
3 3
2 2
7 1
4 2
4 2
1 9
7 3
2 3
1 1
3 7
2 7
7 1
5 2
1 1
5 8
4 6
1 2
3 2
4 8
2 7
3 3
2 2
7 1
4 2
4 2
1 9
7 3
2 3
1 1
3 7
2 7
7 1
5 2
1 1
5 8
4 6
1 2
3 2
4 8
2 7
3 3
2 2
7 1
4 2
4 2
1 9
7 3
2 3
1 1
3 7
2 7
7 1
5 2
1 1
5 8
4 6
1 2
3 2
4 8
2 7
3 3
2 2
7 1
4 2
4 2
1 9
7 3
2 3
1 1
3 7
2 7
7 1
5 2
1 1
5 8
4 6
1 2
3 2
4 8
2 7
3 3
2 2
7 1
4 2
4 2
1 9
7 3
2 3
1 1
3 7
2 7
7 1
5 2
July
3 3
5 1
1 1
1 1
1 1
#
